192642566553,0,192642566553
192642566553,0,192642566553
192642566553,0,192642566553
192642566553,0,192642566553
192642566553,0,192642566553
192642566553,0,192642566553
192642566553,0,192642566553
192642566553,0,192642566553
192642566553,0,192642566553
192642566553,0,192642566553
192642566553,0,192642566553
192642566553,0,192642566553
192642566553,0,192642566553
192642566553,0,192642566553
192642566553,0,192642566553
192642566553,0,192642566553
192642566553,69468160,192573098393
192642566553,69468160,192573098393
192642566553,103022592,192539543961
192642566553,157548544,192485018009
192642566553,295960576,192346605977
192642566553,342097920,192300468633
192642566553,413401088,192229165465
192642566553,578027520,192064539033
192642566553,578027520,192064539033
192642566553,625344512,192017222041
192642566553,690946048,191951620505
192642566553,853016576,191789549977
192642566553,865730560,191776835993
192642566553,865730560,191776835993
192642566553,872087552,191770479001
192642566553,878444544,191764122009
192642566553,927858688,191714707865
192642566553,996605952,191645960601
192642566553,1157627904,191484938649
192642566553,1157627904,191484938649
192642566553,1205862400,191436704153
192642566553,1278214144,191364352409
192642566553,1451229184,191191337369
192642566553,1497235456,191145331097
192642566553,1568473088,191074093465
192642566553,1736179712,190906386841
192642566553,1736179712,190906386841
192642566553,1746796544,190895770009
192642566553,1752104960,190890461593
192642566553,1757413376,190885153177
192642566553,1757413376,190885153177
192642566553,1757413376,190885153177
192642566553,1757413376,190885153177
192642566553,1757413376,190885153177
192642566553,4137418752,188505147801
192642566553,10300686336,182341880217
192642566553,12343312384,180299254169
192642566553,22778740736,169863825817
192642566553,24901058560,167741507993
192642566553,35487481856,157155084697
192642566553,37597741056,155044825497
192642566553,48021110784,144621455769
192642566553,50122457088,142520109465
192642566553,60330344448,132312222105
192642566553,62385553408,130257013145
192642566553,65493532672,127149033881
192642566553,74874093568,117768472985
192642566553,78018772992,114623793561
192642566553,87167598592,105474967961
192642566553,90255654912,102386911641
192642566553,99584835584,93057730969
192642566553,102646677504,89995889049
192642566553,112004169728,80638396825
192642566553,115210715136,77431851417
192642566553,124811476992,67831089561
192642566553,127935184896,64707381657
192642566553,137239199744,55403366809
192642566553,140430016512,52212550041
192642566553,149915435008,42727131545
192642566553,152883953664,39758612889
192642566553,162141831168,30500735385
192642566553,165211013120,27431553433
192642566553,172583550976,20059015577
192642566553,177899831296,14742735257
192642566553,185384566784,7257999769
192642566553,187490107392,5152459161
192851430604,188635152384,4216278220
192851430604,189780197376,3071233228
192851430604,189780197376,3071233228
192851430604,189780197376,3071233228
192851430604,189780197376,3071233228
192851430604,189780197376,3071233228
192851430604,189780197376,3071233228
192851430604,189780197376,3071233228
192851430604,189780197376,3071233228
192851430604,189780197376,3071233228
192851430604,189780197376,3071233228
192851430604,189780197376,3071233228
192851430604,189780197376,3071233228
192851430604,189780197376,3071233228
192851430604,189780197376,3071233228
192851430604,189780197376,3071233228
192851430604,189780197376,3071233228
192851430604,189780197376,3071233228
192851430604,189780197376,3071233228
192851430604,189780197376,3071233228
192851430604,189780197376,3071233228
192851430604,189780197376,3071233228
192851430604,189780197376,3071233228
192851430604,189780197376,3071233228
192851430604,189780197376,3071233228
192851430604,189780197376,3071233228
192642566553,0,192642566553
192642566553,0,192642566553
192642566553,0,192642566553
192642566553,0,192642566553
192642566553,0,192642566553
192642566553,0,192642566553
192642566553,0,192642566553
192642566553,0,192642566553
192642566553,0,192642566553
192642566553,0,192642566553
192642566553,0,192642566553
192642566553,32636928,192609929625
192642566553,80412672,192562153881
192642566553,203685888,192438880665
192642566553,203685888,192438880665
192642566553,247726080,192394840473
192642566553,313786368,192328780185
192642566553,472121344,192170445209
192642566553,523501568,192119064985
192642566553,591659008,192050907545
192642566553,591659008,192050907545
192642566553,747896832,191894669721
192642566553,792723456,191849843097
192642566553,835452928,191807113625
192642566553,878182400,191764384153
192642566553,878182400,191764384153
192642566553,878182400,191764384153
192642566553,919207936,191723358617
192642566553,1048313856,191594252697
192642566553,1092354048,191550212505
192642566553,1162608640,191479957913
192642566553,1162608640,191479957913
192642566553,1333526528,191309040025
192642566553,1379663872,191262902681
192642566553,1449132032,191193434521
192642566553,1606942720,191035623833
192642566553,1652162560,190990403993
192642566553,1652162560,190990403993
192642566553,1702166528,190940400025
192642566553,1752170496,190890396057
192642566553,1752170496,190890396057
192642566553,1752170496,190890396057
192642566553,1752170496,190890396057
192642566553,1752170496,190890396057
192642566553,1752170496,190890396057
192642566553,1752170496,190890396057
192642566553,1752170496,190890396057
192642566553,2518679552,190123887001
192642566553,3071672320,189570894233
192642566553,3817930752,188824635801
192642566553,5608570880,187033995673
192642566553,6109790208,186532776345
192642566553,6849036288,185793530265
192642566553,8611692544,184030874009
192642566553,8611692544,184030874009
192642566553,9135980544,183506586009
192642566553,9853206528,182789360025
192642566553,11547705344,181094861209
192642566553,12023758848,180618807705
192642566553,12769296384,179873270169
192642566553,12769296384,179873270169
192642566553,14534049792,178108516761
192642566553,15041560576,177601005977
192642566553,15752495104,176890071449
192642566553,17428119552,175214447001
192642566553,17906270208,174736296345
192642566553,18623496192,174019070361
192642566553,18623496192,174019070361
192642566553,20368326656,172274239897
192642566553,20859060224,171783506329
192642566553,21574189056,171068377497
192642566553,23266590720,169375975833
192642566553,23740547072,168902019481
192642566553,24459870208,168182696345
192642566553,24459870208,168182696345
192642566553,26177437696,166465128857
192642566553,26678657024,165963909529
192642566553,27384348672,165258217881
192642566553,29092478976,163550087577
192642566553,29566435328,163076131225
192642566553,30268981248,162373585305
192642566553,30268981248,162373585305
192642566553,31927828480,160714738073
192642566553,32401784832,160240781721
192642566553,33083359232,159559207321
192642566553,34683486208,157959080345
192642566553,35151151104,157491415449
192642566553,35867328512,156775238041
192642566553,35867328512,156775238041
192642566553,37606916096,155035650457
192642566553,38106038272,154536528281
192642566553,38798098432,153844468121
192642566553,40417099776,152225466777
192642566553,40895250432,151747316121
192642566553,41622962176,151019604377
192642566553,41622962176,151019604377
192642566553,43336335360,149306231193
192642566553,43818680320,148823886233
192642566553,44500254720,148142311833
192642566553,46125547520,146517019033
192642566553,46593212416,146049354137
192642566553,47298904064,145343662489
192642566553,47298904064,145343662489
192642566553,48910565376,143732001177
192851430604,49409687552,143441743052
192851430604,50120622080,142730808524
192851430604,51758497792,141092932812
192851430604,52213579776,140637850828
192851430604,52925562880,139925867724
192851430604,52925562880,139925867724
192851430604,54589652992,138261777612
192851430604,55071997952,137779432652
192851430604,55774543872,137076886732
192851430604,57416613888,135434816716
192851430604,57888473088,134962957516
192851430604,58625622016,134225808588
192851430604,58625622016,134225808588
192851430604,60314877952,132536552652
192851430604,60778348544,132073082060
192851430604,61471457280,131379973324
192851430604,63049564160,129801866444
192851430604,63529811968,129321618636
192851430604,63529811968,129321618636
192851430604,64229212160,128622218444
192851430604,65851359232,127000071372
192851430604,66327412736,126524017868
192851430604,67010035712,125841394892
192851430604,68594434048,124256996556
192851430604,69051613184,123799817420
192851430604,69051613184,123799817420
192851430604,69756256256,123095174348
192851430604,71433977856,121417452748
192851430604,71895351296,120956079308
192851430604,72572731392,120278699212
192851430604,74172858368,118678572236
192851430604,74634231808,118217198796
192851430604,74634231808,118217198796
192851430604,75317903360,117533527244
192851430604,76920127488,115931303116
194998914252,77379403776,117619510476
194998914252,78026375168,116972539084
194998914252,79583510528,115415403724
194998914252,80049078272,114949835980
194998914252,80049078272,114949835980
194998914252,80734846976,114264067276
194998914252,82372722688,112626191564
194998914252,82836193280,112162720972
194998914252,83504136192,111494778060
194998914252,85057077248,109941837004
194998914252,85522644992,109476269260
194998914252,85522644992,109476269260
194998914252,86233579520,108765334732
194998914252,87900815360,107098098892
194998914252,88362188800,106636725452
194998914252,89037471744,105961442508
194998914252,90606141440,104392772812
194998914252,91069612032,103929302220
194998914252,91069612032,103929302220
194998914252,91764817920,103234096332
194998914252,93416325120,101582589132
194998914252,93881892864,101117021388
194998914252,94521524224,100477390028
194998914252,96071319552,98927594700
194998914252,96518012928,98480901324
194998914252,96518012928,98480901324
194998914252,97194344448,97804569804
194998914252,98801811456,96197102796
194998914252,99263184896,95735729356
194998914252,99923787776,95075126476
194998914252,101456805888,93542108364
194998914252,101907693568,93091220684
194998914252,101907693568,93091220684
194998914252,102607093760,92391820492
194998914252,104220852224,90778062028
197146397900,104719974400,92426423500
197146397900,105391063040,91755334860
197146397900,106997481472,90148916428
197146397900,107481923584,89664474316
197146397900,107481923584,89664474316
197146397900,108183420928,88962976972
197146397900,109820248064,87326149836
197146397900,110273232896,86873165004
197146397900,110950612992,86195784908
197146397900,112559128576,84587269324
197146397900,113003724800,84142673100
197146397900,113003724800,84142673100
197146397900,113691590656,83454807244
197146397900,115314786304,81831611596
197146397900,115784548352,81361849548
197146397900,116459831296,80686566604
197146397900,118007529472,79138868428
197146397900,118454222848,78692175052
197146397900,118454222848,78692175052
197146397900,119151525888,77994872012
197146397900,120750604288,76395793612
197146397900,121232949248,75913448652
197146397900,121859997696,75286400204
197146397900,123372044288,73774353612
197146397900,123835514880,73310883020
197146397900,123835514880,73310883020
197146397900,124520235008,72626162892
197146397900,126190616576,70955781324
197146397900,126631018496,70515379404
197146397900,127276941312,69869456588
197146397900,128833028096,68313369804
197146397900,129273430016,67872967884
197146397900,129273430016,67872967884
197146397900,129963393024,67183004876
197146397900,131462856704,65683541196
199293881548,131913744384,67380137164
199293881548,132587978752,66705902796
199293881548,134197542912,65096338636
199293881548,134646333440,64647548108
199293881548,134646333440,64647548108
199293881548,135348879360,63945002188
199293881548,136957394944,62336486604
199293881548,137443934208,61849947340
199293881548,138125508608,61168372940
199293881548,139708858368,59585023180
199293881548,140178620416,59115261132
199293881548,140178620416,59115261132
199293881548,140862291968,58431589580
199293881548,142540013568,56753867980
199293881548,142984609792,56309271756
199293881548,143649406976,55644474572
199293881548,145195008000,54098873548
199293881548,145656381440,53637500108
199293881548,145656381440,53637500108
199293881548,146344247296,52949634252
199293881548,147980025856,51313855692
199293881548,148458176512,50835705036
199293881548,149114585088,50179296460
199293881548,150651797504,48642084044
199293881548,151134142464,48159739084
199293881548,151134142464,48159739084
199293881548,151822008320,47471873228
199293881548,153466175488,45827706060
199293881548,153910771712,45383109836
199293881548,154573471744,44720409804
199293881548,156150530048,43143351500
199293881548,156150530048,43143351500
199293881548,156576251904,42717629644
199293881548,157256777728,42037103820
199293881548,158792941568,40500939980
199293881548,159254315008,40039566540
199293881548,159923306496,39370575052
199293881548,161477296128,37816585420
199293881548,161477296128,37816585420
199293881548,161938669568,37355211980
199293881548,162618146816,36675734732
199293881548,164241342464,35052539084
199293881548,164717395968,34576485580
199293881548,165379047424,33914834124
199293881548,166976028672,32317852876
199293881548,166976028672,32317852876
199293881548,167412236288,31881645260
199293881548,168085422080,31208459468
199293881548,169660383232,29633498316
199293881548,170121756672,29172124876
199293881548,170790748160,28503133388
199293881548,172395069440,26898812108
199293881548,172395069440,26898812108
199293881548,172841762816,26452118732
199293881548,173515997184,25777884364
199293881548,175146532864,24147348684
199293881548,175610003456,23683878092
199293881548,176254877696,23039003852
199293881548,176254877696,23039003852
199293881548,177763778560,21530102988
199293881548,178212569088,21081312460
199293881548,178889949184,20403932364
199293881548,180427161600,18866719948
199293881548,180873854976,18420026572
199293881548,181541797888,17752083660
199293881548,181541797888,17752083660
199293881548,183048601600,16245279948
199293881548,183514169344,15779712204
199293881548,184197840896,15096040652
199293881548,185770704896,13523176652
199293881548,186227884032,13065997516
199293881548,186878001152,12415880396
199293881548,186878001152,12415880396
199293881548,188408922112,10884959436
199293881548,188834643968,10459237580
199293881548,189496295424,9797586124
199293881548,191395266560,7898614988
199293881548,191395266560,7898614988
199293881548,191403655168,7890226380
199293881548,191407849472,7886032076
199293881548,191412043776,7881837772
199293881548,191412043776,7881837772
199293881548,191412043776,7881837772
199293881548,191412043776,7881837772
199293881548,191412043776,7881837772
199293881548,191412043776,7881837772
199293881548,191412043776,7881837772
199293881548,191412043776,7881837772
199293881548,191412043776,7881837772
199293881548,191412043776,7881837772
199293881548,191412043776,7881837772
199293881548,191412043776,7881837772
199293881548,191412043776,7881837772
199293881548,191412043776,7881837772
199293881548,191412043776,7881837772
199293881548,191412043776,7881837772
199293881548,191412043776,7881837772
199293881548,191412043776,7881837772
199293881548,191412043776,7881837772
199293881548,191412043776,7881837772
199293881548,191412043776,7881837772
199293881548,191412043776,7881837772
199293881548,191412043776,7881837772
199293881548,191412043776,7881837772
199293881548,191412043776,7881837772
199293881548,191412043776,7881837772
199293881548,191412043776,7881837772
199293881548,191412043776,7881837772
199293881548,191412043776,7881837772
199293881548,191412043776,7881837772
199293881548,191412043776,7881837772
199293881548,191412043776,7881837772
199293881548,191412043776,7881837772
199293881548,191412043776,7881837772
199293881548,191412043776,7881837772
199293881548,191412043776,7881837772
199293881548,191412043776,7881837772
199293881548,191412043776,7881837772
199293881548,191412043776,7881837772
199293881548,191412043776,7881837772
199293881548,191412043776,7881837772
199293881548,191412043776,7881837772
199293881548,191412043776,7881837772
199293881548,191412043776,7881837772
199293881548,191412043776,7881837772
199293881548,191412043776,7881837772
199293881548,191412043776,7881837772
199293881548,191412043776,7881837772
199293881548,191412043776,7881837772
199293881548,191412043776,7881837772
199293881548,191412043776,7881837772
199293881548,191412043776,7881837772
199293881548,191412043776,7881837772
199293881548,191412043776,7881837772
199293881548,191412043776,7881837772
199293881548,191412043776,7881837772
199293881548,191412043776,7881837772
199293881548,191412043776,7881837772
199293881548,191412043776,7881837772
199293881548,191412043776,7881837772
199293881548,191412043776,7881837772
199293881548,191412043776,7881837772
199293881548,191412043776,7881837772
199293881548,191412043776,7881837772
199293881548,191412043776,7881837772
199293881548,191412043776,7881837772
199293881548,191412043776,7881837772
199293881548,191412043776,7881837772
199293881548,191412043776,7881837772
199293881548,191412043776,7881837772
199293881548,191412043776,7881837772
199293881548,191412043776,7881837772
199293881548,191412043776,7881837772
199293881548,191412043776,7881837772
199293881548,191412043776,7881837772
199293881548,191412043776,7881837772
199293881548,191412043776,7881837772
199293881548,191412043776,7881837772
199293881548,191412043776,7881837772
199293881548,191412043776,7881837772
199293881548,191412043776,7881837772
199293881548,191412043776,7881837772
199293881548,191412043776,7881837772
