192642566553,0,192642566553
192642566553,8519680,192634046873
192642566553,51576832,192590989721
192642566553,165937152,192476629401
192642566553,165937152,192476629401
192642566553,205783040,192436783513
192642566553,265551872,192377014681
192642566553,430178304,192212388249
192642566553,476315648,192166250905
192642566553,476315648,192166250905
192642566553,547225600,192095340953
192642566553,701759488,191940807065
192642566553,752091136,191890475417
192642566553,815136768,191827429785
192642566553,815136768,191827429785
192642566553,878182400,191764384153
192642566553,878182400,191764384153
192642566553,891027456,191751539097
192642566553,891027456,191751539097
192642566553,1006370816,191636195737
192642566553,1050411008,191592155545
192642566553,1112276992,191530289561
192642566553,1274806272,191367760281
192642566553,1274806272,191367760281
192642566553,1320943616,191321622937
192642566553,1394737152,191247829401
192642566553,1567358976,191075207577
192642566553,1613496320,191029070233
192642566553,1613496320,191029070233
192642566553,1684930560,190957635993
192642566553,1756364800,190886201753
192642566553,1756364800,190886201753
192642566553,1756364800,190886201753
192642566553,1756364800,190886201753
192642566553,1756364800,190886201753
192642566553,1756364800,190886201753
192642566553,1756364800,190886201753
192642566553,1756364800,190886201753
192642566553,2333081600,190309484953
192642566553,2824994816,189817571737
192642566553,3584491520,189058075033
192642566553,3584491520,189058075033
192642566553,5333843968,187308722585
192642566553,5835063296,186807503257
192642566553,6526074880,186116491673
192642566553,8227913728,184414652825
192642566553,8766881792,183875684761
192642566553,8766881792,183875684761
192642566553,9550168064,183092398489
192642566553,11365253120,181277313433
192642566553,11883249664,180759316889
192642566553,12593135616,180049430937
192642566553,12593135616,180049430937
192642566553,14305460224,178337106329
192642566553,14785708032,177856858521
192642566553,15533342720,177109223833
192642566553,17312776192,175329790361
192642566553,17312776192,175329790361
192642566553,17824481280,174818085273
192642566553,18562678784,174079887769
192642566553,20311703552,172330863001
192642566553,20817117184,171825449369
192642566553,21581529088,171061037465
192642566553,21581529088,171061037465
192642566553,23310630912,169331935641
192642566553,23820238848,168822327705
192642566553,24528027648,168114538905
192642566553,26213089280,166429477273
192642566553,26213089280,166429477273
192642566553,26695434240,165947132313
192642566553,27416854528,165225712025
192642566553,29157490688,163485075865
192642566553,29662904320,162979662233
192642566553,30364401664,162278164889
192642566553,30364401664,162278164889
192642566553,32076726272,160565840281
192642566553,32571654144,160070912409
192642566553,33307754496,159334812057
192642566553,35021127680,157621438873
192642566553,35526541312,157116025241
192642566553,35526541312,157116025241
192642566553,36219650048,156422916505
192642566553,37906808832,154735757721
192642566553,38426902528,154215664025
192642566553,39154614272,153487952281
192642566553,40830238720,151812327833
192642566553,40830238720,151812327833
192642566553,41291612160,151350954393
192642566553,41960603648,150681962905
192642566553,43577507840,149065058713
192642566553,44045172736,148597393817
192642566553,44045172736,148597393817
192642566553,44748767232,147893799321
192642566553,46467383296,146175183257
192851430604,46974894080,145876536524
192851430604,47656468480,145194962124
192851430604,49252401152,143599029452
192851430604,49252401152,143599029452
192851430604,49741037568,143110393036
192851430604,50467700736,142383729868
192851430604,52121305088,140730125516
192851430604,52601552896,140249877708
192851430604,52601552896,140249877708
192851430604,53254815744,139596614860
192851430604,54876962816,137974467788
192851430604,55376084992,137475345612
192851430604,56087019520,136764411084
192851430604,56087019520,136764411084
192851430604,57737478144,135113952460
192851430604,58207240192,134644190412
192851430604,58878328832,133973101772
192851430604,60484747264,132366683340
192851430604,60958703616,131892726988
192851430604,60958703616,131892726988
192851430604,61682221056,131169209548
192851430604,63353651200,129497779404
192851430604,63825510400,129025920204
192851430604,64470384640,128381045964
192851430604,64470384640,128381045964
192851430604,66017034240,126834396364
192851430604,66501476352,126349954252
192851430604,67192487936,125658942668
192851430604,68848189440,124003241164
192851430604,68848189440,124003241164
192851430604,69320048640,123531381964
192851430604,69998477312,122852953292
192851430604,71641595904,121209834700
192851430604,72117649408,120733781196
192851430604,72833826816,120017603788
192851430604,72833826816,120017603788
192851430604,74472751104,118378679500
194998914252,74934124544,120064789708
194998914252,75582144512,119416769740
194998914252,77169688576,117829225676
194998914252,77633159168,117365755084
194998914252,77633159168,117365755084
194998914252,78326267904,116672646348
194998914252,79954706432,115044207820
194998914252,80409788416,114589125836
194998914252,81050468352,113948445900
194998914252,81050468352,113948445900
194998914252,82592923648,112405990604
194998914252,83052199936,111946714316
194998914252,83745308672,111253605580
194998914252,85348581376,109650332876
194998914252,85803663360,109195250892
194998914252,85803663360,109195250892
194998914252,86469509120,108529405132
194998914252,88104239104,106894675148
194998914252,88557223936,106441690316
194998914252,89247186944,105751727308
194998914252,89247186944,105751727308
194998914252,90864091136,104134823116
194998914252,91325464576,103673449676
194998914252,91994456064,103004458188
194998914252,93619748864,101379165388
194998914252,94076928000,100921986252
194998914252,94076928000,100921986252
194998914252,94771085312,100227828940
194998914252,96392183808,98606730444
194998914252,96872431616,98126482636
194998914252,97540374528,97458539724
194998914252,97540374528,97458539724
194998914252,99152035840,95846878412
194998914252,99605020672,95393893580
194998914252,100259332096,94739582156
194998914252,101861556224,93137358028
194998914252,102316638208,92682276044
194998914252,102316638208,92682276044
194998914252,102953123840,92045790412
194998914252,104508162048,90490752204
194998914252,104980021248,90018893004
194998914252,105700392960,89298521292
194998914252,105700392960,89298521292
194998914252,107343511552,87655402700
194998914252,107798593536,87200320716
194998914252,108477022208,86521892044
194998914252,110094974976,84903939276
194998914252,110554251264,84444662988
194998914252,110554251264,84444662988
194998914252,111234777088,83764137164
194998914252,112825466880,82173447372
194998914252,113299423232,81699491020
194998914252,113960026112,81038888140
194998914252,113960026112,81038888140
194998914252,115564347392,79434566860
194998914252,116000555008,78998359244
194998914252,116673740800,78325173452
194998914252,118278062080,76720852172
194998914252,118772989952,76225924300
194998914252,118772989952,76225924300
194998914252,119465050112,75533864140
194998914252,121025331200,73973583052
194998914252,121478316032,73520598220
194998914252,122185056256,72813857996
194998914252,123831320576,71167593676
194998914252,123831320576,71167593676
194998914252,124311568384,70687345868
194998914252,124952248320,70046665932
194998914252,126528258048,68470656204
194998914252,126977048576,68021865676
194998914252,126977048576,68021865676
194998914252,127671205888,67327708364
194998914252,129267138560,65731775692
197146397900,129738997760,67407400140
197146397900,130404843520,66741554380
197146397900,130404843520,66741554380
197146397900,131980853248,65165544652
197146397900,132442226688,64704171212
197146397900,133121703936,64024693964
197146397900,134707150848,62439247052
197146397900,135172718592,61973679308
197146397900,135172718592,61973679308
197146397900,135829127168,61317270732
197146397900,137395699712,59750698188
197146397900,137834004480,59312393420
197146397900,138506141696,58640256204
197146397900,138506141696,58640256204
197146397900,140117803008,57028594892
197146397900,140581273600,56565124300
197146397900,141238730752,55907667148
197146397900,142789574656,54356823244
197146397900,143253045248,53893352652
197146397900,143253045248,53893352652
197146397900,143927279616,53219118284
197146397900,145473929216,51672468684
197146397900,145935302656,51211095244
197146397900,146568642560,50577755340
197146397900,146568642560,50577755340
197146397900,148103757824,49042640076
197146397900,148539965440,48606432460
197146397900,149206859776,47939538124
197146397900,150771335168,46375062732
197146397900,150771335168,46375062732
197146397900,151190765568,45955632332
197146397900,151817814016,45328583884
197146397900,153359220736,43787177164
197146397900,153776553984,43369843916
197146397900,154417233920,42729163980
197146397900,154417233920,42729163980
197146397900,155951300608,41195097292
199293881548,156400091136,42893790412
199293881548,157041819648,42252061900
199293881548,158576934912,40716946636
199293881548,158576934912,40716946636
199293881548,159025725440,40268156108
199293881548,159696814080,39597067468
199293881548,161202569216,38091312332
199293881548,161624096768,37669784780
199293881548,161624096768,37669784780
199293881548,162245902336,37047979212
199293881548,163786260480,35507621068
199293881548,164222468096,35071413452
199293881548,164843225088,34450656460
199293881548,164843225088,34450656460
199293881548,166311231488,32982650060
199293881548,166745341952,32548539596
199293881548,167356661760,31937219788
199293881548,168873951232,30419930316
199293881548,168873951232,30419930316
199293881548,169347907584,29945973964
199293881548,169983344640,29310536908
199293881548,171524751360,27769130188
199293881548,171967250432,27326631116
199293881548,172593250304,26700631244
199293881548,172593250304,26700631244
199293881548,174079082496,25214799052
199293881548,174515290112,24778591436
199293881548,175165407232,24128474316
199293881548,176671162368,22622719180
199293881548,176671162368,22622719180
199293881548,177103175680,22190705868
199293881548,177717641216,21576240332
199293881548,179292602368,20001279180
199293881548,179693158400,19600723148
199293881548,179693158400,19600723148
199293881548,180327546880,18966334668
199293881548,181804990464,17488891084
199293881548,182264266752,17029614796
199293881548,182883975168,16409906380
199293881548,184376098816,14917782732
199293881548,184376098816,14917782732
199293881548,184820695040,14473186508
199293881548,185491783680,13802097868
199293881548,187014316032,12279565516
199293881548,187444232192,11849649356
199293881548,187444232192,11849649356
199293881548,188072329216,11221552332
199293881548,189593812992,9700068556
199293881548,190017437696,9276443852
199293881548,190229250048,9064631500
199293881548,190229250048,9064631500
199293881548,190441062400,8852819148
199293881548,190441062400,8852819148
199293881548,190441062400,8852819148
199293881548,190441062400,8852819148
199293881548,190441062400,8852819148
199293881548,190441062400,8852819148
199293881548,190441062400,8852819148
199293881548,190441062400,8852819148
199293881548,190441062400,8852819148
199293881548,190441062400,8852819148
199293881548,190441062400,8852819148
199293881548,190441062400,8852819148
199293881548,190441062400,8852819148
199293881548,190441062400,8852819148
199293881548,190441062400,8852819148
199293881548,190441062400,8852819148
199293881548,190441062400,8852819148
199293881548,190441062400,8852819148
199293881548,190441062400,8852819148
199293881548,190441062400,8852819148
199293881548,190441062400,8852819148
199293881548,190441062400,8852819148
199293881548,190441062400,8852819148
199293881548,190441062400,8852819148
199293881548,190441062400,8852819148
199293881548,190441062400,8852819148
199293881548,190441062400,8852819148
199293881548,190441062400,8852819148
199293881548,190441062400,8852819148
199293881548,190441062400,8852819148
199293881548,190441062400,8852819148
199293881548,190441062400,8852819148
199293881548,190441062400,8852819148
199293881548,190441062400,8852819148
199293881548,190441062400,8852819148
199293881548,190441062400,8852819148
199293881548,190441062400,8852819148
199293881548,190441062400,8852819148
199293881548,190441062400,8852819148
199293881548,190441062400,8852819148
199293881548,190441062400,8852819148
199293881548,190441062400,8852819148
199293881548,190441062400,8852819148
199293881548,190441062400,8852819148
199293881548,190441062400,8852819148
199293881548,190441062400,8852819148
199293881548,190441062400,8852819148
199293881548,190441062400,8852819148
199293881548,190441062400,8852819148
199293881548,190441062400,8852819148
199293881548,190441062400,8852819148
199293881548,190441062400,8852819148
199293881548,190441062400,8852819148
199293881548,190441062400,8852819148
199293881548,190441062400,8852819148
199293881548,190441062400,8852819148
199293881548,190441062400,8852819148
199293881548,190441062400,8852819148
199293881548,190441062400,8852819148
199293881548,190441062400,8852819148
199293881548,190441062400,8852819148
199293881548,190441062400,8852819148
